ComponentList Adapted from Applications in Energy and Combustion Science 5 (2021) 100018 https://www.sciencedirect.com/science/article/pii/S2666352X20300182#ecom0001
CAS Number
RON
MON

1
74-84-0
115
99

2
74-98-6
111
97

3
106-97-8
94
89

4
109-66-0
62
63

5
110-54-3
29
26

6
142-82-5
0
0

7
75-28-5
102
97

8
78-78-4
93
90

9
463-82-1
86
80

10
75-83-2
92
93

11
107-83-5
73
74

12
96-14-0
74
74

13
79-29-8
104
94

14
464-06-2
112
101

15
565-59-3
91
88

16
108-08-7
83
84

17
591-76-4
42
46

18
617-78-7
65
69

19
589-34-4
52
55

20
590-35-2
93
96

21
562-49-2
81
87

22
619-99-8
34
52

23
609-26-7
87
88

24
1067-08-9
81
89

25
564-02-3
110
100

26
540-84-1
100
100

27
560-21-4
106
99

28
565-75-3
103
96

29
592-27-8
22
24

30
589-81-1
27
35

31
589-53-7
27
39

32
590-73-8
74
80

33
584-94-1
71
79

34
589-43-5
71
70

35
592-13-2
65
56

36
563-16-6
56
83

37
583-48-2
76
82

38
3221-61-2
7
11

39
7154-79-2
117
95

40
1068-87-7
105
97

41
16747-32-3
112
100

42
1071-26-7
50
60

43
1067-20-5
84
91

44
7154-80-5
86
89

45
13475-81-5
113
92

46
15869-87-1
49
46

47
287-92-3
102
85

48
110-82-7
84
78

49
96-37-7
89
81

50
4127-45-1
109
89

51
2453-00-1
80
73

52
108-87-2
74
74

53
291-64-5
39
41

54
1640-89-7
67
61

55
1638-26-2
92
89

56
590-66-9
87
86

57
589-90-2
68
64

58
292-64-8
71
51

59
4516-69-2
82
84

60
N/A
89
80

61
583-57-3
81
79

62
591-21-9
69
68

63
1678-91-7
46
41

64
2040-96-2
31
28

65
3726-47-4
58
60

66
3875-51-2
81
76

67
N/A
96
88

68
7094-26-0
96
88

69
3073-66-3
81
83

70
1678-97-3
85
82

71
2234-75-5
73
74

72
1839-63-0
64
63

73
1678-92-8
18
14

74
696-29-7
63
61

75
3788-32-7
81
76

76
4926-90-3
69
77

77
3728-54-9
74
*

78
3728-55-0
58
*

79
3728-56-1
54
*

80
13151-55-8
28
30

81
4291-79-6
30
39

82
4291-80-9
39
*

83
4291-81-0
34
*

84
1678-98-4
34
29

85
7058-01-7
51
55

86
3178-22-1
98
89

87
74-85-1
97
76

88
115-07-1
102
85

89
106-98-9
99
80

90
624-64-6
102
100

91
115-11-7
106
90

92
109-67-1
88
77

93
563-46-2
98
82

94
513-35-9
97
85

95
109-68-2
90
77

96
563-45-1
98
98

97
592-41-6
76
63

98
7688-21-3
93
81

99
592-47-2
94
80

100
763-29-1
94
82

101
760-20-3
96
81

102
625-27-4
96
81

103
922-61-2
97
83

104
691-38-3
99
81

105
760-21-4
99
84

106
563-78-0
101
83

107
563-79-1
97
80

108
558-37-2
112
93

109
7357-93-9
97
82

110
592-76-7
54
51

111
6443-92-1
73
69

112
3769-23-1
86
74

113
3404-55-5
98
83

114
594-56-9
105
90

115
6094-02-6
91
79

116
2738-19-4
92
80

117
692-24-0
98
82

118
3404-72-6
99
84

119
10574-37-5
98
80

120
2213-32-3
99
85

121
625-65-0
100
85

122
4038-04-4
96
82

123
816-79-5
94
81

124
592-78-9
90
79

125
3404-61-3
82
72

126
17618-77-8
92
80

127
3899-36-3
96
81

128
3404-73-7
104
86

129
7385-78-6
99
81

130
4914-92-5
96
82

131
762-62-9
104
85

132
690-08-4
105
91

133
3524-73-0
76
65

134
3404-62-4
94
81

135
111-66-0
39
35

136
111-67-1
56
56

137
107-39-1
106
86

138
14919-01-8
72
68

139
15870-10-7
70
66

140
627-97-4
80
73

141
692-96-6
95
81

142
565-77-5
97
81

143
107-40-4
102
86

144
3123-93-1
106
88

145
16746-86-4
96
84

146
7145-20-2
93
79

147
3404-78-2
95
82

148
692-70-6
102
85

149
19780-66-6
100
85

150
19780-67-7
96
82

151
39761-57-4
103
86

152
5026-76-6
64
63

153
73548-72-8
71
66

154
97002-55-6
91
82

155
560-23-6
106
86

156
4588-18-5
*
84

157
3074-78-0
*
75

158
N/A
80
75

159
142-29-0
140
*

160
74-86-2
80
*

161
503-17-3
86
70

162
627-21-4
98
*

163
629-05-0
50
52

164
67-56-1
122
93

165
64-17-5
111
96

166
71-23-8
103
98

167
67-63-0
117
95

168
109-86-4
*
0

169
71-36-3
96
78

170
78-92-2
108
91

171
78-83-1
105
90

172
75-65-0
107
94

173
71-41-0
78
74

174
123-51-3
113
88

175
75-85-4
97
*

176
123-51-3
99
84

177
111-27-3
69
78

178
67-64-1
110
*

179
78-93-3
118
*

180
141-79-7
*
99

181
108-94-1
*
100

182
624-24-8
105
105

183
539-88-8
110
102

184
2052-15-5
98
96

185
115-10-6
*
78

186
1634-04-4
118
101

187
994-05-8
109
99

188
637-92-3
118
102

189
96-47-9
86
73

190
534-22-5
103
86

191
625-86-5
119
*

192
71-43-2
120
115

193
108-88-3
120
104

194
100-42-5
103
100

195
95-47-6
120
100

196
108-38-3
145
103

197
106-42-3
146
101

198
100-41-4
108
98

199
95-13-6
102
101

200
300-57-2
102
100

201
496-11-7
100
90

202
766-90-5
100
92

203
637-50-3
100
92

204
103-65-1
102
99

205
98-82-8
67
60

206
611-14-3
100
92

207
620-14-4
102
100

208
622-96-8
*
97

209
526-73-8
118
101

210
95-63-6
148
111

211
108-67-8
171
101

212
119-64-2
96
82

213
135-98-8
101
96

214
538-93-2
102
98

215
98-06-6
103
101

216
141-93-5
103
97

217
105-05-5
101
95

218
527-84-4
101
95

219
1074-17-5
100
92

220
1074-43-7
102
100

221
99-87-6
101
60

222
488-23-3
100
100

223
104-51-8
100
94

224
1074-55-1
*
100

225
933-98-2
100
92

226
874-41-9
101
96

227
934-74-7
101
96

228
1758-88-9
103
100

229
100-18-5
132
124

